0 0
1.5 -3
2.5 -3
0 -7
0 -6
1 -7
5 -12
5 -11
6 -12
7 -12
0 -18
0 -17
0 -16
1 -18
2 -18
0 -25
0 -24
0 -23
1 -25
1 -24
2 -25
16 -33
16 -32
16 -31
17 -33
17 -32
18 -33
19 -33
-4.5 -42
-4.5 -41
-4.5 -40
-4.5 -39
-3.5 -42
-3.5 -41
-2.5 -42
-1.5 -42
15 -52
15 -51
15 -50
15 -49
16 -52
16 -51
17 -52
17 -51
18 -52
5.5 -63
5.5 -62
5.5 -61
5.5 -60
6.5 -63
6.5 -62
6.5 -61
7.5 -63
7.5 -62
8.5 -63
54 -75
54 -74
54 -73
54 -72
55 -75
55 -74
55 -73
56 -75
56 -74
57 -75
58 -75
0 -88
0 -87
0 -86
0 -85
0 -84
1 -88
1 -87
1 -86
2 -88
2 -87
3 -88
4 -88
-56 -102
-56 -101
-56 -100
-56 -99
-56 -98
-55 -102
-55 -101
-55 -100
-55 -99
-54 -102
-54 -101
-53 -102
-52 -102
-225 -117
-225 -116
-225 -115
-225 -114
-225 -113
-225 -112
-224 -117
-224 -116
-224 -115
-224 -114
-223 -117
-223 -116
-222 -117
-221 -117
-200 -133
-200 -132
-200 -131
-200 -130
-200 -129
-200 -128
-199 -133
-199 -132
-199 -131
-199 -130
-198 -133
-198 -132
-197 -133
-197 -132
-196 -133
