0 0
-1.5 -1
0 0
1.5 -2
1.5 -3
0 -5
1.5 -3
4 -6
4 -7
5 -10
4 -7
10 -11
10 -12
12 -16
10 -12
18 -17
18 -18
28 -23
18 -18
35 -24
35 -25
48 -31
35 -25
56 -32
-1.5 -3
-4 -4
-1.5 -3
0 -5
0 -7
-5 -9
0 -7
0 -10
0 -7
5 -10
0 -7
-5 -9
0 -7
0 -10
0 -7
5 -10
5 -12
0 -15
5 -12
6 -16
5 -12
12 -16
5 -12
0 -15
5 -12
6 -16
5 -12
12 -16
5 -12
0 -15
5 -12
6 -16
5 -12
12 -16
12 -18
14 -22
12 -18
21 -23
12 -18
28 -23
12 -18
14 -22
12 -18
21 -23
12 -18
28 -23
12 -18
14 -22
12 -18
21 -23
12 -18
28 -23
12 -18
14 -22
12 -18
21 -23
12 -18
28 -23
28 -25
32 -30
28 -25
40 -31
28 -25
48 -31
28 -25
32 -30
28 -25
40 -31
28 -25
48 -31
28 -25
32 -30
28 -25
40 -31
28 -25
48 -31
28 -25
32 -30
28 -25
40 -31
28 -25
48 -31
28 -25
32 -30
28 -25
40 -31
28 -25
48 -31
0 -12
-6 -15
0 -12
6 -16
0 -12
-6 -15
0 -12
6 -16
6 -18
0 -22
6 -18
7 -23
6 -18
21 -23
6 -18
0 -22
6 -18
7 -23
6 -18
21 -23
6 -18
0 -22
6 -18
7 -23
6 -18
21 -23
6 -18
0 -22
6 -18
7 -23
6 -18
21 -23
6 -18
0 -22
6 -18
7 -23
6 -18
21 -23
21 -25
16 -30
21 -25
24 -31
21 -25
40 -31
21 -25
16 -30
21 -25
24 -31
21 -25
40 -31
21 -25
16 -30
21 -25
24 -31
21 -25
40 -31
21 -25
16 -30
21 -25
24 -31
21 -25
40 -31
21 -25
16 -30
21 -25
24 -31
21 -25
40 -31
21 -25
16 -30
21 -25
24 -31
21 -25
40 -31
21 -25
16 -30
21 -25
24 -31
21 -25
40 -31
21 -25
16 -30
21 -25
24 -31
21 -25
40 -31
21 -25
16 -30
21 -25
24 -31
21 -25
40 -31
7 -25
8 -30
7 -25
24 -31
7 -25
8 -30
7 -25
24 -31
7 -25
8 -30
7 -25
24 -31
7 -25
8 -30
7 -25
24 -31
7 -25
8 -30
7 -25
24 -31
-4 -7
-10 -8
-4 -7
-5 -9
-5 -12
-12 -14
-5 -12
-6 -15
-5 -12
0 -15
-5 -12
-12 -14
-5 -12
-6 -15
-5 -12
0 -15
-5 -12
-12 -14
-5 -12
-6 -15
-5 -12
0 -15
0 -18
-7 -21
0 -18
0 -22
0 -18
14 -22
0 -18
-7 -21
0 -18
0 -22
0 -18
14 -22
0 -18
-7 -21
0 -18
0 -22
0 -18
14 -22
0 -18
-7 -21
0 -18
0 -22
0 -18
14 -22
0 -18
-7 -21
0 -18
0 -22
0 -18
14 -22
0 -18
-7 -21
0 -18
0 -22
0 -18
14 -22
14 -25
0 -29
14 -25
16 -30
14 -25
32 -30
14 -25
0 -29
14 -25
16 -30
14 -25
32 -30
14 -25
0 -29
14 -25
16 -30
14 -25
32 -30
14 -25
0 -29
14 -25
16 -30
14 -25
32 -30
14 -25
0 -29
14 -25
16 -30
14 -25
32 -30
14 -25
0 -29
14 -25
16 -30
14 -25
32 -30
14 -25
0 -29
14 -25
16 -30
14 -25
32 -30
14 -25
0 -29
14 -25
16 -30
14 -25
32 -30
14 -25
0 -29
14 -25
16 -30
14 -25
32 -30
14 -25
0 -29
14 -25
16 -30
14 -25
32 -30
-6 -18
-21 -21
-6 -18
-14 -22
-6 -18
0 -22
-6 -18
-21 -21
-6 -18
-14 -22
-6 -18
0 -22
-6 -18
-21 -21
-6 -18
-14 -22
-6 -18
0 -22
-6 -18
-21 -21
-6 -18
-14 -22
-6 -18
0 -22
-6 -18
-21 -21
-6 -18
-14 -22
-6 -18
0 -22
0 -25
-16 -29
0 -25
-8 -30
0 -25
8 -30
0 -25
16 -30
0 -25
-16 -29
0 -25
-8 -30
0 -25
8 -30
0 -25
16 -30
0 -25
-16 -29
0 -25
-8 -30
0 -25
8 -30
0 -25
16 -30
0 -25
-16 -29
0 -25
-8 -30
0 -25
8 -30
0 -25
16 -30
0 -25
-16 -29
0 -25
-8 -30
0 -25
8 -30
0 -25
16 -30
0 -25
-16 -29
0 -25
-8 -30
0 -25
8 -30
0 -25
16 -30
0 -25
-16 -29
0 -25
-8 -30
0 -25
8 -30
0 -25
16 -30
0 -25
-16 -29
0 -25
-8 -30
0 -25
8 -30
0 -25
16 -30
0 -25
-16 -29
0 -25
-8 -30
0 -25
8 -30
0 -25
16 -30
0 -25
-16 -29
0 -25
-8 -30
0 -25
8 -30
0 -25
16 -30
0 -25
-16 -29
0 -25
-8 -30
0 -25
8 -30
0 -25
16 -30
0 -25
-16 -29
0 -25
-8 -30
0 -25
8 -30
0 -25
16 -30
0 -25
-16 -29
0 -25
-8 -30
0 -25
8 -30
0 -25
16 -30
0 -25
-16 -29
0 -25
-8 -30
0 -25
8 -30
0 -25
16 -30
0 -25
-16 -29
0 -25
-8 -30
0 -25
8 -30
0 -25
16 -30
0 -25
-16 -29
0 -25
-8 -30
0 -25
8 -30
0 -25
16 -30
-14 -25
-24 -29
-14 -25
-8 -30
-14 -25
-24 -29
-14 -25
-8 -30
-14 -25
-24 -29
-14 -25
-8 -30
-14 -25
-24 -29
-14 -25
-8 -30
-14 -25
-24 -29
-14 -25
-8 -30
-10 -12
-18 -13
-10 -12
-12 -14
-12 -18
-28 -20
-12 -18
-21 -21
-12 -18
-7 -21
-12 -18
-28 -20
-12 -18
-21 -21
-12 -18
-7 -21
-12 -18
-28 -20
-12 -18
-21 -21
-12 -18
-7 -21
-12 -18
-28 -20
-12 -18
-21 -21
-12 -18
-7 -21
-7 -25
-32 -28
-7 -25
-16 -29
-7 -25
0 -29
-7 -25
-32 -28
-7 -25
-16 -29
-7 -25
0 -29
-7 -25
-32 -28
-7 -25
-16 -29
-7 -25
0 -29
-7 -25
-32 -28
-7 -25
-16 -29
-7 -25
0 -29
-7 -25
-32 -28
-7 -25
-16 -29
-7 -25
0 -29
-7 -25
-32 -28
-7 -25
-16 -29
-7 -25
0 -29
-7 -25
-32 -28
-7 -25
-16 -29
-7 -25
0 -29
-7 -25
-32 -28
-7 -25
-16 -29
-7 -25
0 -29
-7 -25
-32 -28
-7 -25
-16 -29
-7 -25
0 -29
-7 -25
-32 -28
-7 -25
-16 -29
-7 -25
0 -29
-21 -25
-40 -28
-21 -25
-24 -29
-21 -25
-16 -29
-21 -25
-40 -28
-21 -25
-24 -29
-21 -25
-16 -29
-21 -25
-40 -28
-21 -25
-24 -29
-21 -25
-16 -29
-21 -25
-40 -28
-21 -25
-24 -29
-21 -25
-16 -29
-21 -25
-40 -28
-21 -25
-24 -29
-21 -25
-16 -29
-21 -25
-40 -28
-21 -25
-24 -29
-21 -25
-16 -29
-21 -25
-40 -28
-21 -25
-24 -29
-21 -25
-16 -29
-21 -25
-40 -28
-21 -25
-24 -29
-21 -25
-16 -29
-21 -25
-40 -28
-21 -25
-24 -29
-21 -25
-16 -29
-18 -18
-35 -19
-18 -18
-28 -20
-28 -25
-48 -27
-28 -25
-40 -28
-28 -25
-32 -28
-28 -25
-48 -27
-28 -25
-40 -28
-28 -25
-32 -28
-28 -25
-48 -27
-28 -25
-40 -28
-28 -25
-32 -28
-28 -25
-48 -27
-28 -25
-40 -28
-28 -25
-32 -28
-28 -25
-48 -27
-28 -25
-40 -28
-28 -25
-32 -28
-35 -25
-56 -26
-35 -25
-48 -27
