0 0 |1
1.5 -3 |1
2.5 -3 |1
4 -7 |1
5 -7 |1
6 -7 |1
10 -12 |1
11 -12 |1
12 -12 |1
13 -12 |1
18 -18 |1
19 -18 |1
20 -18 |1
21 -18 |1
22 -18 |1
35 -25 |1
36 -25 |1
37 -25 |1
38 -25 |1
39 -25 |1
40 -25 |1
56 -33 |1
57 -33 |1
58 -33 |1
59 -33 |1
60 -33 |1
61 -33 |1
62 -33 |1
-1.5 -3 |1
-1.5 -2 |1
0 -7 |2
0 -6 |2
1 -7 |2
5 -12 |3
5 -11 |3
6 -12 |3
7 -12 |3
12 -18 |4
12 -17 |4
13 -18 |4
14 -18 |4
15 -18 |4
28 -25 |5
28 -24 |5
29 -25 |5
30 -25 |5
31 -25 |5
32 -25 |5
48 -33 |6
48 -32 |6
49 -33 |6
50 -33 |6
51 -33 |6
52 -33 |6
53 -33 |6
0 -12 |2
0 -11 |2
1 -12 |2
1 -11 |2
6 -18 |5
6 -17 |5
7 -18 |5
7 -17 |5
8 -18 |5
21 -25 |9
21 -24 |9
22 -25 |9
22 -24 |9
23 -25 |9
24 -25 |9
40 -33 |14
40 -32 |14
41 -33 |14
41 -32 |14
42 -33 |14
43 -33 |14
44 -33 |14
7 -25 |5
7 -24 |5
8 -25 |5
8 -24 |5
9 -25 |5
9 -24 |5
24 -33 |14
24 -32 |14
25 -33 |14
25 -32 |14
26 -33 |14
26 -32 |14
27 -33 |14
-4 -7 |1
-4 -6 |1
-4 -5 |1
-5 -12 |3
-5 -11 |3
-5 -10 |3
-4 -12 |3
0 -18 |6
0 -17 |6
0 -16 |6
1 -18 |6
2 -18 |6
14 -25 |10
14 -24 |10
14 -23 |10
15 -25 |10
16 -25 |10
17 -25 |10
32 -33 |15
32 -32 |15
32 -31 |15
33 -33 |15
34 -33 |15
35 -33 |15
36 -33 |15
-6 -18 |5
-6 -17 |5
-6 -16 |5
-5 -18 |5
-5 -17 |5
0 -25 |16
0 -24 |16
0 -23 |16
1 -25 |16
1 -24 |16
2 -25 |16
16 -33 |35
16 -32 |35
16 -31 |35
17 -33 |35
17 -32 |35
18 -33 |35
19 -33 |35
8 -33 |21
8 -32 |21
8 -31 |21
9 -33 |21
9 -32 |21
10 -33 |21
10 -32 |21
-14 -25 |5
-14 -24 |5
-14 -23 |5
-13 -25 |5
-13 -24 |5
-13 -23 |5
-8 -33 |21
-8 -32 |21
-8 -31 |21
-7 -33 |21
-7 -32 |21
-7 -31 |21
-6 -33 |21
-10 -12 |1
-10 -11 |1
-10 -10 |1
-10 -9 |1
-12 -18 |4
-12 -17 |4
-12 -16 |4
-12 -15 |4
-11 -18 |4
-7 -25 |10
-7 -24 |10
-7 -23 |10
-7 -22 |10
-6 -25 |10
-5 -25 |10
0 -33 |20
0 -32 |20
0 -31 |20
0 -30 |20
1 -33 |20
2 -33 |20
3 -33 |20
-21 -25 |9
-21 -24 |9
-21 -23 |9
-21 -22 |9
-20 -25 |9
-20 -24 |9
-16 -33 |35
-16 -32 |35
-16 -31 |35
-16 -30 |35
-15 -33 |35
-15 -32 |35
-14 -33 |35
-24 -33 |14
-24 -32 |14
-24 -31 |14
-24 -30 |14
-23 -33 |14
-23 -32 |14
-23 -31 |14
-18 -18 |1
-18 -17 |1
-18 -16 |1
-18 -15 |1
-18 -14 |1
-28 -25 |5
-28 -24 |5
-28 -23 |5
-28 -22 |5
-28 -21 |5
-27 -25 |5
-32 -33 |15
-32 -32 |15
-32 -31 |15
-32 -30 |15
-32 -29 |15
-31 -33 |15
-30 -33 |15
-40 -33 |14
-40 -32 |14
-40 -31 |14
-40 -30 |14
-40 -29 |14
-39 -33 |14
-39 -32 |14
-35 -25 |1
-35 -24 |1
-35 -23 |1
-35 -22 |1
-35 -21 |1
-35 -20 |1
-48 -33 |6
-48 -32 |6
-48 -31 |6
-48 -30 |6
-48 -29 |6
-48 -28 |6
-47 -33 |6
-56 -33 |1
-56 -32 |1
-56 -31 |1
-56 -30 |1
-56 -29 |1
-56 -28 |1
-56 -27 |1
