-56.0 -33.0|1
-48.0 -33.0|6
-47.0 -33.0|6
-40.0 -33.0|14
-39.0 -33.0|14
-32.0 -33.0|15
-31.0 -33.0|15
-30.0 -33.0|15
-24.0 -33.0|14
-23.0 -33.0|14
-16.0 -33.0|35
-15.0 -33.0|35
-14.0 -33.0|35
-8.0 -33.0|21
-7.0 -33.0|21
-6.0 -33.0|21
0.0 -33.0|20
1.0 -33.0|20
2.0 -33.0|20
3.0 -33.0|20
8.0 -33.0|21
9.0 -33.0|21
10.0 -33.0|21
16.0 -33.0|35
17.0 -33.0|35
18.0 -33.0|35
19.0 -33.0|35
24.0 -33.0|14
25.0 -33.0|14
26.0 -33.0|14
27.0 -33.0|14
32.0 -33.0|15
33.0 -33.0|15
34.0 -33.0|15
35.0 -33.0|15
36.0 -33.0|15
40.0 -33.0|14
41.0 -33.0|14
42.0 -33.0|14
43.0 -33.0|14
44.0 -33.0|14
48.0 -33.0|6
49.0 -33.0|6
50.0 -33.0|6
51.0 -33.0|6
52.0 -33.0|6
53.0 -33.0|6
56.0 -33.0|1
57.0 -33.0|1
58.0 -33.0|1
59.0 -33.0|1
60.0 -33.0|1
61.0 -33.0|1
62.0 -33.0|1
-56.0 -32.0|1
-48.0 -32.0|6
-40.0 -32.0|14
-39.0 -32.0|14
-32.0 -32.0|15
-24.0 -32.0|14
-23.0 -32.0|14
-16.0 -32.0|35
-15.0 -32.0|35
-8.0 -32.0|21
-7.0 -32.0|21
0.0 -32.0|20
8.0 -32.0|21
9.0 -32.0|21
10.0 -32.0|21
16.0 -32.0|35
17.0 -32.0|35
24.0 -32.0|14
25.0 -32.0|14
26.0 -32.0|14
32.0 -32.0|15
40.0 -32.0|14
41.0 -32.0|14
48.0 -32.0|6
-56.0 -31.0|1
-48.0 -31.0|6
-40.0 -31.0|14
-32.0 -31.0|15
-24.0 -31.0|14
-23.0 -31.0|14
-16.0 -31.0|35
-8.0 -31.0|21
-7.0 -31.0|21
0.0 -31.0|20
8.0 -31.0|21
16.0 -31.0|35
32.0 -31.0|15
-56.0 -30.0|1
-48.0 -30.0|6
-40.0 -30.0|14
-32.0 -30.0|15
-24.0 -30.0|14
-16.0 -30.0|35
0.0 -30.0|20
-56.0 -29.0|1
-48.0 -29.0|6
-40.0 -29.0|14
-32.0 -29.0|15
-56.0 -28.0|1
-48.0 -28.0|6
-56.0 -27.0|1

-35.0 -25.0|1
-28.0 -25.0|5
-27.0 -25.0|5
-21.0 -25.0|9
-20.0 -25.0|9
-14.0 -25.0|5
-13.0 -25.0|5
-7.0 -25.0|10
-6.0 -25.0|10
-5.0 -25.0|10
0.0 -25.0|16
1.0 -25.0|16
2.0 -25.0|16
7.0 -25.0|5
8.0 -25.0|5
9.0 -25.0|5
14.0 -25.0|10
15.0 -25.0|10
16.0 -25.0|10
17.0 -25.0|10
21.0 -25.0|9
22.0 -25.0|9
23.0 -25.0|9
24.0 -25.0|9
28.0 -25.0|5
29.0 -25.0|5
30.0 -25.0|5
31.0 -25.0|5
32.0 -25.0|5
35.0 -25.0|1
36.0 -25.0|1
37.0 -25.0|1
38.0 -25.0|1
39.0 -25.0|1
40.0 -25.0|1
-35.0 -24.0|1
-28.0 -24.0|5
-21.0 -24.0|9
-20.0 -24.0|9
-14.0 -24.0|5
-13.0 -24.0|5
-7.0 -24.0|10
0.0 -24.0|16
1.0 -24.0|16
7.0 -24.0|5
8.0 -24.0|5
9.0 -24.0|5
14.0 -24.0|10
21.0 -24.0|9
22.0 -24.0|9
28.0 -24.0|5
-35.0 -23.0|1
-28.0 -23.0|5
-21.0 -23.0|9
-14.0 -23.0|5
-13.0 -23.0|5
-7.0 -23.0|10
0.0 -23.0|16
14.0 -23.0|10
-35.0 -22.0|1
-28.0 -22.0|5
-21.0 -22.0|9
-7.0 -22.0|10
-35.0 -21.0|1
-28.0 -21.0|5
-35.0 -20.0|1

-18.0 -18.0|1
-12.0 -18.0|4
-11.0 -18.0|4
-6.0 -18.0|5
-5.0 -18.0|5
0.0 -18.0|6
1.0 -18.0|6
2.0 -18.0|6
6.0 -18.0|5
7.0 -18.0|5
8.0 -18.0|5
12.0 -18.0|4
13.0 -18.0|4
14.0 -18.0|4
15.0 -18.0|4
18.0 -18.0|1
19.0 -18.0|1
20.0 -18.0|1
21.0 -18.0|1
22.0 -18.0|1
-18.0 -17.0|1
-12.0 -17.0|4
-6.0 -17.0|5
-5.0 -17.0|5
0.0 -17.0|6
6.0 -17.0|5
7.0 -17.0|5
12.0 -17.0|4
-18.0 -16.0|1
-12.0 -16.0|4
-6.0 -16.0|5
0.0 -16.0|6
-18.0 -15.0|1
-12.0 -15.0|4
-18.0 -14.0|1

-10.0 -12.0|1
-5.0 -12.0|3
-4.0 -12.0|3
0.0 -12.0|2
1.0 -12.0|2
5.0 -12.0|3
6.0 -12.0|3
7.0 -12.0|3
10.0 -12.0|1
11.0 -12.0|1
12.0 -12.0|1
13.0 -12.0|1
-10.0 -11.0|1
-5.0 -11.0|3
0.0 -11.0|2
1.0 -11.0|2
5.0 -11.0|3
-10.0 -10.0|1
-5.0 -10.0|3
-10.0 -9.0|1

-4.0 -7.0|1
0.0 -7.0|2
1.0 -7.0|2
4.0 -7.0|1
5.0 -7.0|1
6.0 -7.0|1
-4.0 -6.0|1
0.0 -6.0|2
-4.0 -5.0|1

-1.5 -3.0|1
1.5 -3.0|1
2.5 -3.0|1
-1.5 -2.0|1

0.0 0.0|1

